  C
evID01    20130320_170000_367879441   -45.000000     -45.000000  0.0   1.0   0  0.0 0.0 1.0
evID02    20130320_170001_000000000   -45.000000     -45.000000  0.0   1.0   0  0.0 0.0 1.0
evID03    20130320_170002_718281828   -45.000000     -35.000000  0.0   1.0   0  0.0 0.0 1.0
evID04    20130320_170007_389056099   -45.000000     -25.000000  0.0   1.0   0  0.0 0.0 1.0
evID05    20130320_170020_085536923   -45.000000     -15.000000  0.0   1.0   0  0.0 0.0 1.0
evID06    20130320_170054_598150033   -45.000000      -5.000000  0.0   1.0   0  0.0 0.0 1.0
evID07    20130320_170148_413159103   -45.000000       5.000000  0.0   1.0   0  0.0 0.0 1.0
evID08    20130320_170403_428793493   -45.000000      15.000000  0.0   1.0   0  0.0 0.0 1.0
evID09    20130320_171096_633158430   -45.000000      25.000000  0.0   1.0   0  0.0 0.0 1.0
evID10    20130320_172980_957987040   -45.000000      35.000000  0.0   1.0   0  0.0 0.0 1.0
