 (  5.80357485E-13, -2.91012310E-12)
 ( -3.64124963E-12,  1.35017960E-13)
 (  9.38773798E-13,  4.05610528E-12)
 (  3.94592779E-12, -1.57253138E-12)
 ( -1.81278256E-12, -3.29253877E-12)
 ( -2.27581647E-12,  1.62733249E-12)
 (  1.17425416E-12,  1.13168080E-12)
 (  4.84360477E-14, -6.37692481E-13)
 ( -1.03650778E-13,  8.10082958E-13)
 (  1.28060615E-12, -3.95623584E-13)
 ( -7.89139479E-13, -1.28659811E-12)
 ( -9.28024367E-13,  9.90955365E-13)
 (  9.90525153E-13,  4.14608506E-13)
 ( -1.00849084E-13, -8.45483080E-13)
 ( -5.81704823E-13,  5.85550271E-13)
 (  1.04148461E-12,  1.67720723E-13)
 ( -3.90308987E-13, -1.43518043E-12)
 ( -1.73696886E-12,  9.88953168E-13)
 (  1.50202745E-12,  1.95867454E-12)
 (  2.09326610E-12, -1.86820568E-12)
 ( -2.05921977E-12, -2.06073548E-12)
