 (  5.80357648E-13, -2.91012310E-12)
 ( -3.64124963E-12,  1.35017784E-13)
 (  9.38773690E-13,  4.05610528E-12)
 (  3.94592822E-12, -1.57253117E-12)
 ( -1.81278245E-12, -3.29253898E-12)
 ( -2.27581669E-12,  1.62733238E-12)
 (  1.17425416E-12,  1.13168090E-12)
 (  4.84361256E-14, -6.37692535E-13)
 ( -1.03650846E-13,  8.10082958E-13)
 (  1.28060615E-12, -3.95623502E-13)
 ( -7.89139424E-13, -1.28659822E-12)
 ( -9.28024476E-13,  9.90955256E-13)
 (  9.90525153E-13,  4.14608614E-13)
 ( -1.00848996E-13, -8.45483134E-13)
 ( -5.81704877E-13,  5.85550217E-13)
 (  1.04148461E-12,  1.67720845E-13)
 ( -3.90308852E-13, -1.43518043E-12)
 ( -1.73696897E-12,  9.88952952E-13)
 (  1.50202734E-12,  1.95867476E-12)
 (  2.09326632E-12, -1.86820568E-12)
 ( -2.05921955E-12, -2.06073570E-12)
