       649
           -7.500000            -7.500000            15.000000
            7.500000            -7.500000            15.000000
            7.500000             7.500000            15.000000
           -7.500000             7.500000            15.000000
            7.500000            -7.500000             0.000000
            7.500000             7.500000             0.000000
           -7.500000            -7.500000             0.000000
            2.500000             0.000000             0.000000
            2.300580            -0.978434             0.000000
            2.500000             0.000000            10.000000
            2.300580            -0.978434            10.000000
           -7.500000             7.500000             0.000000
           -3.631953            -7.500000            15.000000
           -0.013344            -7.500000            15.000000
            3.617571            -7.500000            15.000000
            7.500000            -3.622964            15.000000
            7.500000            -0.000720            15.000000
            7.500000             3.624965            15.000000
            3.637125             7.500000            15.000000
            0.017407             7.500000            15.000000
           -3.618821             7.500000            15.000000
           -7.500000             3.630652            15.000000
           -7.500000             0.010175            15.000000
           -7.500000            -3.619927            15.000000
            7.500000            -7.500000            11.133022
            7.500000            -7.500000             7.370237
            7.500000            -7.500000             3.587763
            7.500000             4.300260             0.000000
            7.500000             1.385318             0.000000
            7.500000            -1.449625             0.000000
            7.500000            -4.337786             0.000000
            7.500000             7.500000            11.131694
            7.500000             7.500000             7.375628
            7.500000             7.500000             3.600606
           -7.500000            -7.500000            11.155474
           -7.500000            -7.500000             7.415677
           -7.500000            -7.500000             3.614397
            4.308039            -7.500000             0.000000
            1.416453            -7.500000             0.000000
           -1.388024            -7.500000             0.000000
           -4.291099            -7.500000             0.000000
            2.151163             1.273773             0.000000
            1.202001             2.192075             0.000000
           -0.082603             2.498635             0.000000
           -1.344154             2.107902             0.000000
           -2.230594             1.128917             0.000000
           -2.494541            -0.165115             0.000000
           -2.062338            -1.413068             0.000000
           -1.054599            -2.266676             0.000000
            0.247447            -2.487724             0.000000
            1.480438            -2.014523             0.000000
            2.151128             1.273832            10.000000
            1.201881             2.192141            10.000000
           -0.082808             2.498628            10.000000
           -1.344386             2.107754            10.000000
           -2.230749             1.128610            10.000000
           -2.494514            -0.165526            10.000000
           -2.062067            -1.413464            10.000000
           -1.054101            -2.266908            10.000000
            0.248062            -2.487663            10.000000
            1.480991            -2.014116            10.000000
            2.449632            -0.499301             0.000000
            2.449638            -0.499275            10.000000
            2.300580            -0.978434             1.250000
            2.300580            -0.978434             2.500000
            2.300580            -0.978434             3.750000
            2.300580            -0.978434             5.000000
            2.300580            -0.978434             6.250000
            2.300580            -0.978434             7.500000
            2.300580            -0.978434             8.750000
           -7.500000            -4.314079             0.000000
           -7.500000            -1.424248             0.000000
           -7.500000             1.381548             0.000000
           -7.500000             4.285541             0.000000
           -4.307456             7.500000             0.000000
           -1.415963             7.500000             0.000000
            1.393354             7.500000             0.000000
            4.299747             7.500000             0.000000
           -7.500000             7.500000            11.136889
           -7.500000             7.500000             7.382389
           -7.500000             7.500000             3.609576
           -4.908784            -1.516280            15.000000
            1.544150            -4.970838            15.000000
            4.964598            -1.551967            15.000000
            4.911818             1.468491            15.000000
            1.447437             4.863349            15.000000
           -1.532384            -5.006030            15.000000
           -1.648381             4.986194            15.000000
           -4.977203             1.664447            15.000000
           -4.670078             4.673057            15.000000
            4.505189             4.490522            15.000000
           -2.568081             0.375120            15.000000
            0.015453            -3.060274            15.000000
           -4.561717            -4.635174            15.000000
           -0.456585             2.498496            15.000000
            4.618356            -4.579714            15.000000
            2.902245            -0.158647            15.000000
            2.369598            -2.458389            15.000000
           -2.275477            -2.433685            15.000000
            2.240516             2.124984            15.000000
           -2.804606             2.859322            15.000000
            0.226204            -0.486332            15.000000
            7.500000            -0.030787             2.446998
            7.500000            -4.460950             5.780875
            7.500000            -1.560519            12.377588
            7.500000            -4.813584             9.025563
            7.500000             1.595311            12.351096
            7.500000            -3.160019             2.716596
            7.500000             4.841837             8.980524
            7.500000             4.449565             5.769254
            7.500000             3.117234             2.717681
            7.500000            -4.589250            12.126642
            7.500000            -0.009461             9.589882
            7.500000             4.646787            12.065470
            7.500000            -2.268143             7.632411
            7.500000            -1.431890             4.958690
            7.500000             2.234089             7.616742
            7.500000             1.364631             4.967923
            7.500000             2.668456            10.071765
            7.500000            -2.649564            10.107688
            7.500000            -0.041038             6.906413
           -4.472323            -7.500000             5.775059
            4.448828            -7.500000             5.785056
           -1.433089            -7.500000            12.397774
           -4.755554            -7.500000             9.003747
            1.654288            -7.500000            12.396234
            0.002924            -7.500000             2.443289
           -3.128116            -7.500000             2.713689
            4.838829            -7.500000             9.010092
            3.132961            -7.500000             2.718247
           -4.492087            -7.500000            12.119470
            4.654411            -7.500000            12.079747
            1.368416            -7.500000             4.998892
           -1.467773            -7.500000             4.981236
            0.421680            -7.500000             9.930729
           -2.584011            -7.500000             7.348014
            2.277538            -7.500000             7.739535
           -2.161903            -7.500000             9.726583
           -0.314487            -7.500000             7.354221
            2.749163            -7.500000            10.157872
            2.497787             0.105163             6.861558
           -1.853160             1.678034             1.120769
           -0.420703            -2.464348             8.877922
            1.637311            -1.889236             5.629036
            2.496468             0.132840             3.079792
           -1.853232             1.677955             8.879139
           -2.362078            -0.818893             8.879401
            1.762915             1.772606             1.121399
            2.499985             0.008767             2.013830
           -0.737429             2.388765             1.121712
           -2.449658             0.499176             1.120850
            1.600031            -1.920912             6.920628
           -2.449645             0.499241             8.879289
            1.637670            -1.888925             4.369435
            0.718491            -2.394529             8.951297
           -2.361762            -0.819805             1.120982
           -1.614023            -1.909170             1.120743
            2.428084             0.595322             1.102226
           -1.614846            -1.908474             8.879502
            1.751006             1.784371             8.843023
            1.595892            -1.924352             1.723051
           -0.738982             2.388285             8.877951
            2.495624             0.147860             4.351356
            0.596255             2.427855             1.126387
            2.497255             0.117116             5.618378
            0.582565             2.431176             8.870054
            2.499977             0.010685             7.934002
            2.426512             0.601699             8.854179
            1.589403            -1.929715             8.279640
            0.715910            -2.395302             1.041940
            1.600680            -1.920371             3.074042
           -0.425991            -2.463439             1.118615
            2.192978             1.200353             7.582697
            1.304998             2.132365             2.283630
            2.174811             1.232963             5.003659
            0.619583            -2.422007             4.987794
            2.239728             1.110685             2.208549
           -2.231206             1.127705             7.759173
           -1.039627            -2.273582             7.766673
            0.395707            -2.468485             2.310750
            2.212415             1.164139             6.238712
           -2.230837             1.128436             2.241470
            0.580207            -2.431740             6.260409
            0.388685            -2.469600             7.688450
           -2.057809            -1.419655             7.763732
           -1.341790             2.109407             2.240528
            2.040312             1.444689             3.572968
           -1.339199             2.111053             7.755325
            1.203367             2.191325             7.730072
           -2.494385            -0.167467             7.761523
           -2.493680            -0.177655             2.244835
           -2.043923            -1.439577             2.242881
           -0.054463             2.499407             2.251382
           -0.068150             2.499071             7.750193
            0.607525            -2.425059             3.725587
           -1.019803            -2.282543             2.235900
           -0.432466            -2.462311             3.210337
            0.660747             2.411102             6.655092
            1.631682             1.894099             6.747576
           -0.479543            -2.453577             6.775977
           -0.763413            -2.380588             5.591866
           -1.842082             1.690188             3.338647
           -2.360475            -0.823504             6.673048
           -1.581756            -1.935988             6.680927
           -2.322924            -0.924134             3.386304
           -0.734106             2.389788             3.339097
            1.471884             2.020782             5.747110
           -1.860012             1.670435             6.629499
           -2.453951             0.477626             6.668185
           -2.450981             0.492640             3.376141
            1.221612             2.181207             4.577682
            0.667188             2.409328             3.405799
           -0.678415             2.406190             6.618625
           -0.547515            -2.439309             4.258778
           -1.473190            -2.019829             3.325882
           -0.202491             2.491786             4.431599
           -2.492171            -0.197698             5.770807
           -2.487461            -0.250071             4.641376
            0.221993             2.490124             5.543693
           -2.311465             0.952433             5.582557
           -2.152430             1.271632             4.451143
           -1.332209             2.115472             4.238675
           -1.318572             2.123998             5.379148
           -1.766770            -1.768764             4.491029
           -2.089897            -1.371980             5.618824
            1.021820            -0.479508            10.000000
           -0.731411             0.733161            10.000000
           -0.830304            -0.987436            10.000000
            0.956850             0.989597            10.000000
           -0.746443            -3.665483             0.000000
            5.048989             2.627589             0.000000
            1.141789            -3.572586             0.000000
            3.025152            -2.732276             0.000000
           -3.584602            -1.046333             0.000000
           -0.958719             3.569609             0.000000
           -2.369044            -5.333547             0.000000
           -2.749694            -2.993994             0.000000
           -2.496633             2.691331             0.000000
            3.574748             0.913671             0.000000
            2.527154            -5.279198             0.000000
            3.545636            -0.880991             0.000000
            5.425428            -0.003751             0.000000
            5.328039            -2.445226             0.000000
            0.091545            -5.469747             0.000000
           -3.647752             1.135973             0.000000
           -5.281657            -2.503421             0.000000
           -5.493591             2.577281             0.000000
           -5.488995             0.005018             0.000000
            1.185335             3.633385             0.000000
           -2.631465             5.066713             0.000000
            2.727616             2.447749             0.000000
            0.019427             5.451874             0.000000
            2.573660             5.502090             0.000000
           -4.928785            -4.996644             0.000000
           -5.189928             5.087808             0.000000
            5.045816             5.226521             0.000000
            5.002329            -4.942868             0.000000
           -3.885119             3.323858             0.000000
            3.322550             3.875663             0.000000
           -7.500000             4.441172             5.796708
           -7.500000            -4.452296             5.809131
           -7.500000             1.564662            12.389817
           -7.500000             4.805588             9.037959
           -7.500000            -1.571768            12.394339
           -7.500000            -0.018045             2.448808
           -7.500000             3.115861             2.722998
           -7.500000            -4.813758             9.058752
           -7.500000            -3.142510             2.725296
           -7.500000            -1.414467             4.965862
           -7.500000            -4.595653            12.145867
           -7.500000             2.236610             7.669171
           -7.500000             4.589465            12.132166
           -7.500000            -0.011194             9.633204
           -7.500000             1.380077             4.987139
           -7.500000            -2.255550             7.676394
           -7.500000            -2.651239            10.132900
           -7.500000            -0.012095             6.940467
           -7.500000             2.638611            10.124543
            4.441528             7.500000             5.790366
           -4.459598             7.500000             5.784863
            1.566998             7.500000            12.374608
            4.809370             7.500000             9.028235
           -1.595390             7.500000            12.354887
           -0.014597             7.500000             2.447739
            3.120712             7.500000             2.721761
           -4.839357             7.500000             9.003684
           -3.140838             7.500000             2.720280
           -1.427847             7.500000             4.952436
           -4.644860             7.500000            12.072832
            2.228045             7.500000             7.655085
            4.595323             7.500000            12.123779
           -0.027202             7.500000             9.606554
            1.368567             7.500000             4.979645
           -2.278612             7.500000             7.642933
           -2.681272             7.500000            10.085630
            2.643811             7.500000            10.107503
           -0.043409             7.500000             6.920961
           -0.196686            -5.401818             3.814524
           -2.234223            -4.879870             3.370964
           -0.701969            -3.712438             2.687518
           -1.947005            -6.323270             1.596689
            0.510443            -1.213827            11.280591
            0.067226            -0.021379            11.004898
           -0.677753            -2.283197            11.244733
            0.006125             3.666241             1.462094
            0.451206             5.889439             1.330590
           -0.893347             4.590891             2.109337
            0.293293             5.571791             3.019107
           -0.351219            -0.760205            12.267304
            0.589087             0.844210            12.951260
           -1.764691            -0.971611            10.965116
            5.341248            -5.183661             4.724157
            5.296997            -5.139180             2.216347
            5.310442            -2.961833             4.657289
            5.719132            -5.709360             7.252419
            4.750712            -4.064545             6.765590
            3.276524            -3.917939             3.699158
            3.119022            -5.434168             4.777559
            3.345619            -3.408940             5.731340
            1.050645            -2.321314            11.468220
            1.479381            -0.863015            12.986643
            1.535992             0.359779            10.739787
            1.581549            -0.687233            11.152948
            0.617945             1.309175            11.336001
           -1.596302             0.137329            10.819007
           -1.043859             0.487546            11.799518
           -5.190168            -5.207209             4.337809
           -4.428932            -2.727406             3.488411
           -3.221558            -5.351224             5.587075
            5.299387            -1.098099            11.341593
            5.660202            -0.058424            13.047764
            5.619022             1.374650            10.975815
            3.872379             0.907007            11.486033
            3.976805            -0.047635            12.342839
            1.994271             0.895172            11.409726
            3.931554             1.169505            13.133007
            3.097118            -0.497442            10.809536
            3.728757            -1.914863            11.567986
            4.241937            -0.981942            10.622737
            2.617241            -0.980129            11.977619
            4.935390             5.417788             2.364972
            3.537298             3.087927             2.850419
            3.753933             3.370619             1.349940
            5.335142             2.317673             1.325754
            2.722811             2.876018             5.263066
            3.256359             1.238348             4.530320
            2.390323             2.468756             3.824684
            1.782358             3.591306             3.963203
            1.575996             3.400624             2.394162
           -5.009540             3.798867            10.888762
            5.883334            -3.943219             8.733616
            3.802539            -5.540862             7.995573
            4.001455            -0.837732            13.352951
            5.265875             2.324890             9.594261
            5.367384            -1.909631            12.631322
            3.483683            -3.521748            13.268981
            4.372405            -2.754362            10.738131
            3.470952            -2.228184            10.049966
            2.346586            -2.690447            11.754157
           -5.404457            -5.117069             7.615845
            0.052927            -4.880437            13.220016
            5.926567             5.538989             9.775752
            4.732384             3.332840            11.730100
            4.617921             4.489797             9.806386
            3.914222             5.795018            10.931202
           -3.771623            -0.138349             9.770319
           -4.322252            -0.590298             7.418817
           -3.620033            -1.431558             5.940772
           -5.388552            -0.360509             6.049608
           -3.860566            -0.146982             6.090418
           -2.996425            -1.954870             6.960717
           -5.584678            -1.507597             6.711128
           -3.775560            -1.331054             8.318122
            5.557396            -5.635170            11.349722
           -3.625568            -3.021726             8.078084
           -1.391255             5.583333             1.544895
           -2.374363             5.218102             3.363758
            5.835330             0.266537             6.012684
           -2.036822             3.373909             1.369725
           -5.466269            -3.627255            13.333921
           -3.119730            -4.521395            13.206726
            3.654186             3.645985             6.938940
            3.692687             2.137612             5.891941
            4.416046             3.731334             4.610341
           -5.837849             2.464573             6.550877
           -4.619203             0.760743             6.902670
           -5.241898             2.233645             8.174295
           -5.646031             0.384350             7.830659
           -5.695055             0.441184             5.339467
           -4.504702             2.474733             6.059470
            0.327192             5.762089             8.180727
            1.726516             5.044206             7.450317
            0.577801             3.570306             6.984741
           -0.417102             4.526894             5.744949
           -3.012495             5.450050             6.426746
           -2.110213             5.195183             8.132319
           -1.373236             3.716736             7.291622
           -0.161554             5.957394             6.205648
           -3.567076            -3.974471             6.943100
           -3.638045            -5.395955             7.995797
           -1.887386            -3.480873             8.448831
           -2.099633            -2.536653             7.772757
           -5.047225            -3.049863             6.171910
           -2.968510            -2.498511             5.475404
           -1.778641            -3.634599             6.409288
           -2.190312            -2.026551            13.004676
           -3.629493            -1.477130            12.926600
           -5.159225             2.305006             3.291740
           -3.841481             0.737040             3.819810
           -3.149364             1.876355             3.337538
           -3.550130             2.100058             4.802835
            3.291344            -0.614353             9.494540
            2.680894            -2.085039             9.022583
            3.319380            -0.851144            10.078089
            3.826560            -0.345413             8.257470
            3.509426             0.661636             9.996328
            0.344479            -3.836098            11.434887
            1.586682            -5.359868            11.461424
            0.981267            -3.957044            10.046281
            2.506788            -3.392195            10.385814
            4.592446            -0.154911             9.874027
           -1.520943             5.152035            11.012575
           -3.073416             5.258868            11.714813
           -2.287005             5.306434             9.403097
           -2.400465             3.559132            10.781918
            3.842539            -1.587931             8.903136
           -5.558395            -3.225123            10.991057
           -5.590166            -6.024560            10.173932
           -2.036632            -3.656004             9.735550
           -0.648619            -3.704738             9.980967
           -1.467102            -5.682257             8.669558
           -3.302310            -5.118045            10.731426
           -4.832867            -4.312425             9.642685
           -5.524375            -0.563445            13.609436
           -4.042693            -0.195026            12.554525
           -5.382057            -1.490320            11.297687
           -5.584757             1.070731            11.182333
           -3.725815             1.516233            13.174492
           -4.451068            -1.057662             1.945633
           -3.831656            -3.676670             1.674229
           -3.048760            -1.588427             1.963294
           -4.626808            -0.521200             4.426070
           -3.447956            -0.325618             2.955816
           -4.154000             0.069666             1.308170
           -5.911704             1.186345             2.416169
            1.519572            -3.820236            13.054261
           -0.499164            -2.479644            13.146054
           -1.312917            -3.760022            13.171616
           -1.010417            -5.432263            11.451579
            1.893511             3.462126             6.825498
           -5.402379             0.442547             9.779221
           -3.188945             0.346334            11.398546
           -3.422614            -1.382063            10.466627
            5.837122             0.067254             8.158201
            4.995788            -1.943993             6.657733
           -1.712091             0.614601            12.955406
            1.187885             3.413916            13.151381
            1.824237             2.151900            12.996030
            1.266928             2.899732            11.324478
            2.976004             3.967994            13.042098
            2.772653             2.232244            11.110000
            2.358596             2.596001             9.735545
            2.270485             3.955590            10.566632
            3.553444             2.709042            10.319884
            0.952855            -2.248494            13.075462
           -2.076509            -5.773543             7.144705
           -2.356382            -2.913314             2.507389
           -1.596201            -3.734215             1.206207
           -0.980064            -3.194166             3.631979
           -0.213368            -3.621619             4.813823
           -0.079807            -3.091777             1.981595
            0.770178            -3.394731             3.194786
           -0.308236            -4.144769             1.255008
           -3.098285            -1.362131             4.859268
           -5.481643            -2.087720             4.544136
           -5.417780            -1.016692             8.483532
           -3.609774             0.456265             8.238156
            2.612165            -2.769839             7.198181
            1.667261            -5.427268             6.790071
            1.628157            -3.244464             5.998162
            1.532130            -3.213085             4.483533
            3.471345            -1.850259             6.038331
            2.986943            -2.255503             4.604964
            2.120211            -1.860235            12.777966
           -1.689747            -3.660150             4.750444
           -2.538977            -2.112293             3.471828
           -3.343145            -2.801962            11.633191
           -2.042166            -3.434337            11.726656
            5.653794            -1.498699             8.545409
            5.815539            -1.841840            10.183568
            1.998645            -5.089657             3.229593
            1.476967            -5.237870             4.745124
            2.878699             5.164841             2.378250
            2.708360            -1.612030            10.879681
           -3.897515             3.727762             7.013433
           -3.633034             2.106251             8.099410
           -3.593558             5.797531             8.421571
           -5.221948             5.359911             7.232707
           -5.556587             3.955602             8.633354
            2.952251            -1.923374             3.151511
            4.110312            -1.572001             3.602151
           -5.765656             3.657402             5.008336
           -3.467400             4.966176             5.046643
           -2.810985             2.339576             5.894616
            2.103440             2.981631             8.653900
            3.144266             1.912008             9.071946
            2.343396             2.213047             7.932666
            3.376693             2.107278             7.905130
            2.538223             2.133783             6.755694
            3.384459            -0.540027             2.670944
            3.512521            -0.692253             3.918271
           -3.146628             0.848322             4.786622
           -3.185759             1.059735             6.299946
            4.873195            -2.390072             2.858918
            4.017682            -3.794331             1.745368
           -1.062158             3.277252             4.471083
           -4.256629             3.805467             3.874963
           -4.269060             3.720328             1.673531
           -2.175789             3.182982             3.179761
           -5.165956             5.539433             2.418474
            1.298691            -3.150423             7.510222
            1.680429            -3.617730             8.781182
            0.378085            -3.496704             6.019432
           -0.723184            -3.515470             7.696963
            0.349355            -5.610618             8.118517
            0.307820            -3.370091             8.695118
           -5.037632             5.834856            10.450164
            3.331120             1.760414             1.166054
           -4.585711             1.578586             1.251118
            2.199405             4.371422             9.400642
            3.421777             3.488421             8.557261
            5.611798             2.124694             7.337078
            3.687637             0.745990             7.662071
            4.385957             1.091673             8.503643
            5.689123            -3.358036            11.340854
           -6.156274            -2.595088             1.560725
           -5.907052            -5.389968             1.755010
            0.058686             5.713325            12.612127
            1.418791             5.345454            11.410716
           -0.916818             4.185211            12.949697
           -2.705153             4.395458            13.288638
            0.366315             3.902939            10.817461
            0.268213             5.400579             9.831569
            2.769288             5.372180             5.567295
           -3.800190             3.735431             9.641840
           -3.205285             2.597803             1.237020
           -3.646399             0.820434             2.297172
            3.283710            -0.831336             7.052320
           -3.152378             0.142431             7.096179
            3.558747             5.665163             8.405449
            0.618144             3.609369             8.371815
            1.446684             3.273465             9.473736
            2.505141             5.750864             9.741469
            5.585382             4.869302             7.910896
           -4.808390            -2.578677             9.656851
           -3.032537            -2.004819             9.215942
           -2.173635             2.365968             7.362459
           -0.367125             3.565137             3.090656
           -1.925456            -2.539077             9.567038
           -0.162092            -5.429954             9.958131
            3.390675            -5.528961            12.258090
            4.264534            -4.117275             9.651410
            4.660279            -2.607457             8.774431
           -1.388690             5.295448             4.660206
            0.532516             3.372147             4.597861
            1.298198             4.846742             5.092724
           -1.637085             3.326328             6.110112
           -0.241877            -5.443024             5.895566
           -0.861575            -3.514025             6.006953
           -2.152571             3.004377             8.801557
           -2.795970             1.514327             8.699004
            1.918230            -3.291832             1.188626
            2.285348            -2.542770             2.418358
            5.312392             3.515544             6.146712
           -2.399545             2.160684             2.463806
            1.191046            -3.205851             1.709625
           -1.987022             2.856171            12.388598
           -4.998877             3.441566            12.898319
           -2.693909            -2.996056            10.551094
            1.888889             3.782390             1.240638
            0.205499             2.376195            13.003926
            2.129841            -5.572684             9.381401
           -3.211045             2.250926            11.365905
           -5.108620             2.432380            10.076160
           -3.170200             1.975030             9.874801
            3.219058             0.763974             2.985163
            5.331151             1.790749             3.956906
            3.863171             0.017949             1.192209
            5.463645            -0.439003             2.411750
            1.249672             3.054646             5.830866
            2.048527             3.189956             5.485163
           -1.195705            -5.970488             4.514797
            3.315053            -2.798778             8.291578
           -0.582897             3.333747            11.231844
            1.344500            -5.714735             1.510036
           -5.422079            -3.321698             8.603240
           -1.490633             1.618417            11.065926
            4.931824            -1.201201             4.999844
            3.848196            -0.301177             5.440236
            5.572674            -0.607996             4.061935
            2.981375            -1.112551             2.086173
            3.833214            -1.873274             1.651507
            2.712850            -0.301184            12.907730
           -3.857146             1.095469             9.226333
           -1.121546             3.660586             8.453886
            2.412012             2.206017             2.268747
           -2.301997             2.403412             4.473464
           -1.618806             3.065233            11.048520
           -0.649122             3.578813             9.939348
           -1.262001             3.134579             2.410073
            3.864770             0.480756             4.520043
            5.363244             1.283610             5.481459
            3.188990             0.942923             6.474176
           -7.500000            -7.500000            15.000000
            7.500000            -7.500000            15.000000
           -7.500000             7.500000            15.000000
            7.500000             7.500000            15.000000
           -7.500000             7.500000            20.000000
            7.500000             7.500000            20.000000
           -7.500000            -7.500000            20.000000
            7.500000            -7.500000            20.000000
           -2.500000            -7.500000            15.000000
            2.500000            -7.500000            15.000000
           -7.500000             2.500000            15.000000
           -7.500000            -2.500000            15.000000
            2.500000             7.500000            15.000000
           -2.500000             7.500000            15.000000
            7.500000            -2.500000            15.000000
            7.500000             2.500000            15.000000
            2.500000             7.500000            20.000000
           -2.500000             7.500000            20.000000
           -7.500000             2.500000            20.000000
           -7.500000            -2.500000            20.000000
            7.500000            -2.500000            20.000000
            7.500000             2.500000            20.000000
           -2.500000            -7.500000            20.000000
            2.500000            -7.500000            20.000000
           -3.891112            -0.000967            15.000000
           -0.026514             2.980066            15.000000
           -0.026536            -2.988857            15.000000
            3.871496            -0.001286            15.000000
           -4.328537             4.180283            15.000000
            4.315328            -4.181976            15.000000
            4.315442             4.180217            15.000000
           -4.328652            -4.181911            15.000000
           -2.358433             2.366884            20.000000
            2.637639            -2.624196            20.000000
            2.648905             1.087049            20.000000
           -1.034475            -2.689908            20.000000
