         303
           5         153         177         201          27           2
           4          31          28          42           1
           4          11           4          27          24
           4           8           5           3          79
           3           4          49          23
           2          23          73
           4          72          26          81          10
           3           4          11          83
           4          62          21          57          83
           3          57           7          25
           6         119         177         201           8           3          48
           2          61          38
           3          84          51          80
           3          75          15          65
           2          66          14
           2          52          56
           3          20          69          64
           4          26          56          72          52
           9         119         153         177         195         208         220          40          81          58
           4         208         220          52          17
           4          55          26           9          48
           3          28          49          42
           3           6          27           5
           4          25           3          42          79
           4          30          81          24          10
           4          18          21          36           7
           5         177         201           1           3          23
           3          37           2          22
           3         195          85          44
           3          42          58          25
           5          70           2          58         153         177
           2          84          68
           3         191          51          82
           3          58          68          66
           5         153         195          60          65          85
           7         119         177         208         220          81          26          48
           1          28
           3          41          43          12
           3          47          73          59
           6         153         195         208          19          60          74
           6         153         177         201          59          38          73
           4          30          22          24           2
           6         153         177         191         201          38          45
           4         195         208          78          29
           5         153         191          61          43          80
           3          59         201          71
           2          71          39
           5         119         177          36          21          11
           3          22           5          79
           0
           3          75          33          13
           6         119         208         220          20          16          18
           3         119         220          54
           3         119          53          55
           4          54          62          21          56
           3          55          16          18
           3          67           9          10
           4          31          30          34          19
           3          46          39          41
           4          40          35          63          66
           3          70          45          12
           2           9          55
           3          60          76          74
           5         195         208          74          78          17
           5          14         153         191         195          35
           3          34          60          15
           2          83          57
           3          32          34          77
           3          72          74          17
           4          31         153         191          61
           3         201          46          47
           3           7          18          69
           3           6          39          41
           4          40          64          69          63
           5         153         191          77          51          14
           3          63          78          85
           2          68          75
           3          64          76          44
           3          24          49           4
           3          45          82          13
           4          19          36          25           7
           3         191          80          33
           3           9          67           8
           2          13          32
           3          35          29          76
           4         136         132         254         133
           3          88         197          94
           3          97          95          87
           4         190         192         185         297
           4         203         141         230          91
           3          90         257         159
           3         240         170         117
           3         253         144         108
           3          98          87          95
           4          94          88         294         244
           2         193         215
           3         160         179          88
           4          99          94         132         256
           4         299          98         264         197
           4         127         141         124         231
           4         204         231         107         128
           2         106         142
           3         106         104         105
           4         301         144         103         279
           3         103         247         144
           3         226         103         102
           4         213         202         101         131
           2          93         143
           3         187         136         135
           3         146         194         177
           3         113         222         139
           0
           3         167         185         111
           3         223         171         267
           4         126         292         291         252
           4         211         210         204         291
           4          92         221         261         291
           3         287         266         274
          10          11          19          36          48          52          53          54         259         220         207
           4         166         198         207         258
           4         167         277         259         207
           4         260         206         267         287
           3         231         124         273
           3         123         100         282
           4         234         203         272         249
           3         115         255         127
           3         126         212         100
           4         211         101         169         141
           3         138         270         294
           3         191         284         151
           3         107         253         218
           4         296          86         224          98
           4         192         224          86         297
           3         251         288         174
           3         109         194         175
           3         109          86         288
           4         152         194         278         177
           3         222         129         193
           2         288         111
           3         219         232         145
           4         212          90         100         128
           4         209         281         102         227
           3         282         108         273
           3         104          93         105
           3         290         140         195
           2         110         167
           3         148         275         276
           4         272         233         147         263
           3         188         158         275
           3         246         199         263
           3         269         302         130
           4         137         162         153         302
          14           1          19          31          35          40          41          43          45          65          70          75         280         191         152
           3         298         276         269
           4         247         303         181         280
           3         243         285         179
           3         211         212         255
           3         149         186         276
           3          91         248         230
           3         243          97         188
           4         294         300         193         237
           4         165         163         280         152
           3         162         286         303
           2         247         183
           3         162         214         283
           3         120         228         219
           4         200         146         121         113
           2         200         277
           3         203         128         202
           2          92         217
           3         221         292         114
           2         237         178
           2         293         179
           2         201         134
           1         135
           4         199         264         243         188
          12           1          11          19          27          31          36          41          43          48         137         201         110
           3         256         224         172
           4         173         244          97         156
           3         246         182         299
           3         284         191         155
           3         180         298         236
           3         236         164         303
           2         296         286
           3          89         187         113
           3         269         158         197
           3         109         185         192
           4         149         160         197         176
           2         216         196
           1          89
          10          33          43          45          65          70          75          82         181         130         153
           3         133         187          89
           4         223         161          96         138
           3         110         135         137
          10          19          29          35          40          44          64          65         208         301         145
           1         189
           4         186         188          87          99
           3         120         250         277
           4         239         233         150         176
           2         167         168
          10           1          11          27          41          43          46          71         177         251         174
           3         107         218         169
           3          90         169         125
           4         101         271         252         116
           2         226         241
           3         277         268         122
           3         119         120         121
          10          19          20          36          40          44          52          64         295         195         232
           4         266         142         295         232
           3         261         265         116
           3         128         157         116
           4         257         141         127         157
           3         107         271         281
           3         290         219         165
           2          96         216
           4         215         189         261         223
           2         300         170
           3         234         202         131
           3         214         140         166
           8          19          20          36          52          53         274         258         119
           3         223         117         171
           3         254         111         138
           4         193         221         114         216
           3         178         132         133
           3         262         252         287
           3         205         106         229
           1         142
           2         283         166
           2         241         226
           4         159         282          90         272
           4         252         123         101         100
           4         258         209         208         140
           4         248         199         275         148
           2         125         218
           4         286         299         298         269
           3         182         238         183
           4         161         293         172         244
           3         236         249         241
           3         245         242         199
           2          92         255
           3         238         229         205
           2         239         248
           4         245         176         156         160
           4         179         256         237          95
           2         243         239
           3         150         180         264
           4         164         290         155         105
           3         242         159         233
           3         125         238         263
           4         281         198         266         268
           3         134         201         278
           4         231         204         225         115
           4         279         273          93         131
           4         288         270         222          86
           4         240         157         126         291
           4         285         178         244          98
           2         212          91
           4         232         220         266         120
           3         260         119         121
           3         122         274         259
           3         210         117         216
           3         267         292         225
           3         249         150         148
           4         246         285         176          99
           2         271         210
           4         209         250         258         118
           3         122         114         262
           4         250         271         206         287
           4         151         154         186         235
           2         254         129
           4         213         265         268         204
           3         148         230         125
           3         123         143         253
           3         260         118         220
           3         233         149         147
           3         154         147         158
           4         168         198         206         121
           3         302         137         251
           3         289         253         104
           4         290         153         162         155
           3         142         213         250
           3         124         230         143
           2         228         165
           2         130         181
           3         264         256         156
           4         184         163         302         235
           4         118         122         225         268
           4         254         139         134         136
           3         279         301         295
           4         214         247         145         280
           4         255         117         116         115
           3         115         262         171
           3         173         237         300
           3          95         161         129
           3         289         208         209
           3         184         132         299
           2          89         133
           3         235         182         154
           4         296          99         180         235
           3         293         161         217
           3         289         104         195
           4         278         286         152         151
           3         183         163         155
