       303
       111         86         85         89 
       111         85         86        107 
       111         85        112         75 
       111        112        103         75 
       111        110         75        103 
       110         89         86        111 
       112        105        109         88 
       112         76        103         75 
       112        104         76        109 
       112        105        108        109 
       112         85         76         75 
        98         99         86        107 
        93         98         91         96 
        95         82         87         96 
        87         96        106         95 
       101        100         90         83 
       102         88         84        101 
       101         88         90        109 
       105         85         87         88 
       101         84         83         88 
       112         76         90        109 
       111        108        107        110 
       111         75        110         89 
       111        108        112         85 
       112        108        105         85 
       112         88        109         90 
       111         75         89         85 
       111        110        107         86 
        94         80         92         81 
       105         85        108        107 
        85         87         86        107 
       107        106         91         98 
        93         77         82         91 
       106        105        107         87 
        95         81         92         87 
       112         90         85         88 
        86        110        107         99 
        98         99         79         86 
        99         97         89        110 
       105         92         88         87 
        99         86         89         79 
       111         85        107        108 
        86         98         78         79 
        94         92         80         84 
        98         78         91         86 
        73         97         89         79 
       110         97         89         75 
       112         76         85         90 
       111        103        108        110 
        75         97        103        110 
        93         96         91         82 
       101         90         88         83 
        90        100         74         83 
        90        100         76         74 
       109         90        100         76 
       101        109         90        100 
       112        109        108        104 
       105         87         85        107 
        99         79         89         97 
        95        105         87         92 
        98        107         86         91 
        76        100        109        104 
       102        105         95         92 
       102         84         88         92 
        81         95         82         87 
        95        106         87        105 
       112        104        108        103 
        87        106         91        107 
       102        101        105         88 
        91        107         86         87 
        97         89         75         73 
       101        105         88        109 
        99         89         86        110 
       102        105         92         88 
        96         82         87         91 
        94         95         92        102 
        91         96        106         87 
        94         84        102         92 
       111        103        112        108 
        93         98         78         91 
       112        105         88         85 
        93         77         91         78 
       112        103         76        104 
       106         91         98         96 
        94         95         81         92 
        61         62         39         59 
        59         16         52         63 
        63         16         52         56 
        62         19         34         38 
        55         44         49         64 
        21         55         44         49 
        54         47         48         25 
        60         64         14         65 
        16         61         63         59 
        56         61         63         16 
        47         19         34         61 
        63         56         52         23 
        61         33         63         59 
        63         66         59         33 
        64         13         67         55 
        64         37         67         15 
        15         65         42         68 
        65          7         27         68 
        65         68         14          7 
        60         65          7         27 
        68         65         42         27 
        64         15         42         37 
        53         60         64         14 
        69         39         30         62 
        69          3         30          9 
        17          3         19         62 
        30         69         62          3 
        62          3         19         30 
        70         10         19         18 
        70         67         13         54 
        70         67         48         37 
        70         48         54         47 
        71          5         11         15 
        71          9          3          2 
        71          9         26         31 
        71          3         31         19 
        70         11         71         19 
        64         12         15         13 
        64         55         12         13 
        44         60         36         64 
        67         20         13         54 
        67         55         13         20 
        64         49         67         37 
        61         16         18         17 
        72         58          8          6 
        64         65         42         15 
        61         33         59         39 
        61         62         34         39 
        69         17          1         59 
        29         39         30         69 
        62         59         69         39 
        69          8          9         29 
        18         19         61         17 
         3         69         62         17 
        68          9         27         26 
        64         67         49         55 
        42         68         26         15 
        64         14         12         53 
        65         60          7         14 
        68          7         27          9 
         3         31         30          9 
        66         51         60         53 
        66         60         44         53 
        66         51         57         52 
        66         44         32         45 
        72          8         58         59 
        72          8         29          9 
        72          8          9          7 
        66         58         72         60 
        72          7         28         60 
        63         46         23         45 
        67         20         48         49 
        66         58         51         52 
        53         55         44         21 
        63         52         57         23 
        47         61         56         18 
        72          9         29         28 
        72         40         28         29 
        60         28         41         27 
         9         50         29         28 
         9         50         26         31 
         3         19         30         31 
        19         31         43         38 
        64         37         36         49 
        18         47         54         25 
        70         10         18         54 
        61         46         34         47 
        46         56         23         24 
        69         17          3          1 
        39         59         69         29 
        63         57         66         45 
        69          3          9          8 
        61         34         46         33 
        63         23         46         56 
        66         40         33         32 
        72          7         60          6 
        40         60         32         66 
        60         28         40         41 
        59         29         39         40 
        62         30         19         38 
        66         52         59         58 
        62         38         39         30 
        63         66         57         52 
        43         19         35         70 
        19         38         35         34 
        72          8          7          6 
        62         38         34         39 
        61         19         18         47 
        69         29          9         30 
        68          7          9          4 
        38         43         19         35 
        63         59         66         52 
        71         43         31         26 
        66         45         57         44 
        19         38         30         31 
        69          1          3          8 
        64         36         37         42 
        64         36         44         49 
        70         67         37         15 
        65         36         42         41 
        70         19         71         43 
        71         31          3          9 
        68          9          5          4 
        68          5         26         15 
        70         37         48         35 
        67         48         37         49 
        67         20         49         55 
        15         43         42         37 
         9         50         28         27 
        35         47         19         34 
        70         47         19         35 
        18         25         24         47 
        64         42         65         36 
         9         26         50         27 
        71          9          2          5 
        70         54         18         47 
        19         61         17         62 
        70         19         47         18 
        61         39         34         33 
        70         15         11         13 
        65         27         41         42 
        27         68         26         42 
         9         50         31         30 
        65         41         27         60 
        64         44         53         55 
        64         67         13         15 
        68          9         26          5 
        66         53         44         57 
        64         36         65         60 
        66         72         59         40 
        41         40         60         32 
        46         61         56         47 
        60         36         41         32 
        44         45         57         22 
        54         20         25         48 
        65         36         41         60 
        44         21         22         57 
        63         23         57         45 
        61         56         63         46 
        45         57         22         23 
        66         33         45         32 
         7         60         27         28 
        53         57         21         44 
        32         44         60         36 
        71         15         43         26 
        69          8         59          1 
        70         13         67         15 
        64         65         15         14 
        61         62         59         17 
        67         54         48         20 
        61         63         33         46 
        55         49         21         20 
        71         26          9          5 
        71          3         19          2 
        71          2         19         11 
        70         47         35         48 
        70         13         11         10 
        66         44         60         32 
        63         66         33         45 
        70         37         35         43 
        71          5         15         26 
        70         10         11         19 
        70         71         15         43 
        66         59         72         58 
        61         16         17         59 
        70         15         37         43 
        64         60         53         44 
        64         14         15         12 
        71          5          2         11 
        66         51         53         57 
        66         51         58         60 
        71         19         31         43 
        69         59          8         29 
        65         68         15         14 
        72         28          7          9 
        15         43         26         42 
        64         53         12         55 
         9         29         50         30 
        72         60         58          6 
        63         46         45         33 
        72         59         40         29 
        70         15         71         11 
        69         59         62         17 
        68          4         15         14 
         7          9         28         27 
        70         67         54         48 
        70         10         54         13 
        56         47         24         46 
        61         18         16         56 
        68          5         15          4 
        59         33         40         39 
        61         62         19         34 
        66         60         72         40 
        66         40         59         33 
        18         47         24         56 
        68          7          4         14 
        72          8         59         29 
        72         60         28         40 
