       112
           -7.500000            -7.500000            15.000000
            7.500000            -7.500000            15.000000
            0.000000            -7.500000            15.000000
            7.500000             7.500000            15.000000
            7.500000             0.000000            15.000000
           -7.500000             7.500000            15.000000
            0.000000             7.500000            15.000000
           -7.500000             0.000000            15.000000
            2.500000             0.000000            15.000000
            7.500000            -7.500000             0.000000
            7.500000            -7.500000             7.500000
            7.500000             7.500000             0.000000
            7.500000             0.000000             0.000000
            7.500000             7.500000             7.500000
            7.500000             2.500000             7.500000
           -7.500000            -7.500000             0.000000
           -7.500000            -7.500000             7.500000
            0.000000            -7.500000             0.000000
            2.500000            -7.500000             7.500000
            2.500000             0.000000             0.000000
            1.250000             2.165064             0.000000
           -1.250000             2.165064             0.000000
           -2.500000             0.000000             0.000000
           -1.250000            -2.165064             0.000000
            1.250000            -2.165064             0.000000
            2.500000             0.000000            10.000000
            1.250000             2.165064            10.000000
           -1.250000             2.165064            10.000000
           -2.500000             0.000000            10.000000
           -1.250000            -2.165064            10.000000
            1.250000            -2.165064            10.000000
           -1.248575             2.165886             4.971408
           -2.500000             0.001158             4.969515
           -1.250012            -2.165057             4.964744
            1.249507            -2.165348             4.965512
            1.252001             2.163907             4.968886
            2.500000            -0.000970             4.960198
           -0.000995            -2.500000             7.469376
           -2.164938            -1.250218             7.454292
           -2.165656             1.248973             7.469102
            0.004475             2.499996             7.468329
            2.165679             1.248933             7.461557
            2.165690            -1.248915             7.462879
            0.000194             2.500000             2.469706
           -2.163080             1.253429             2.468075
           -2.165107            -1.249925             2.458684
            0.000913            -2.500000             2.470087
            2.164137            -1.251604             2.465462
            2.166129             1.248153             2.454555
            0.000000            -0.000000            10.000000
           -7.500000             7.500000             0.000000
           -7.500000             0.000000             0.000000
            0.000000             7.500000             0.000000
            3.750000            -3.433013             0.000000
            3.750000             3.433013             0.000000
           -3.750000            -3.433013             0.000000
           -2.916667             3.221688             0.000000
           -7.500000             7.500000             7.500000
           -7.500000            -2.500000             7.500000
           -2.500000             7.500000             7.500000
           -3.372417            -3.789710             3.391656
           -2.916138            -4.374256             7.727955
           -4.849871            -1.171616             3.062453
            3.572339             4.225325             4.113942
            2.994201             4.394288             7.716923
           -4.434608             3.333013             4.520036
            4.635303            -0.000556             2.841892
            3.786587             3.263385            11.788451
           -3.887768            -2.927365            12.011639
            4.474137            -4.050641             3.962486
            3.581077            -2.611987            10.030597
           -3.717085             3.010116            12.055774
           -7.500000            -7.500000            15.000000
            7.500000            -7.500000            15.000000
           -2.500000            -7.500000            15.000000
            2.500000            -7.500000            15.000000
           -7.500000             7.500000            15.000000
           -7.500000             2.500000            15.000000
           -7.500000            -2.500000            15.000000
            7.500000             7.500000            15.000000
            2.500000             7.500000            15.000000
           -2.500000             7.500000            15.000000
            7.500000            -2.500000            15.000000
            7.500000             2.500000            15.000000
            0.007389            -2.885071            15.000000
           -3.925405             0.006269            15.000000
            0.000435             2.901902            15.000000
            3.930072             0.006621            15.000000
           -4.283603            -4.075760            15.000000
            4.287492            -4.075690            15.000000
           -4.284994             4.081634            15.000000
            4.286101             4.081705            15.000000
           -7.500000             7.500000            20.000000
            7.500000             7.500000            20.000000
            2.500000             7.500000            20.000000
           -2.500000             7.500000            20.000000
           -7.500000            -7.500000            20.000000
           -7.500000             2.500000            20.000000
           -7.500000            -2.500000            20.000000
            7.500000            -7.500000            20.000000
            7.500000            -2.500000            20.000000
            7.500000             2.500000            20.000000
           -2.500000            -7.500000            20.000000
            2.500000            -7.500000            20.000000
            2.397999             0.330461            20.000000
           -1.622908             3.442782            20.000000
           -3.074758            -0.756121            20.000000
           -0.138326            -4.002709            20.000000
            3.951935            -4.234450            20.000000
           -4.142617            -4.451766            20.000000
           -1.758049            -4.240803            17.770977
            1.366138            -5.241607            17.567593
